Original data with RF classifier:
Accuracy: 0.3434378920953576
Precision: 0.3380686133628951
Recall: 0.3434378920953576
Confusion matrix:
[[3882 1454  766  523 1427 1876]
 [2234 3320 1280  804  785 1642]
 [1681 1865 1678 1203  804 2703]
 [1654 1211 1455 3626  534 1379]
 [3366 1309 1434  567 1538 1824]
 [ 935  848  709  457  517 6485]]
 

 Translated data with RF classifier:
Accuracy: 0.3327439185616076
Precision: 0.32265167677374074
Recall: 0.3327439185616076
Confusion matrix:
[[3859 1643  802  735 1144 1941]
 [2052 3259 1309 1152  680 1719]
 [1754 1862 1346 1320  925 2837]
 [1730 1044 1383 3880  522 1414]
 [3535 1249 1321  640 1493 1904]
 [ 788  999  857  427  689 6298]]



 RotatedX data with RF classifier:
Accuracy: 0.3420828105395232
Precision: 0.33574538850817437
Recall: 0.3420828105395232
Confusion matrix:
[[3779 1645  651  579 1327 1947]
 [2035 3304 1327  794  847 1758]
 [1545 1755 1499 1331 1039 2765]
 [1646 1129 1432 3735  492 1425]
 [3121 1331 1499  539 1800 1748]
 [ 813  810  800  567  630 6331]]


 RotatedY data with RF classifier:
Accuracy: 0.34393977415307403
Precision: 0.33826669300215695
Recall: 0.34393977415307403
Confusion matrix:
[[3969 1592  922  388 1275 1782]
 [1920 3382 1247  782  824 1910]
 [1612 1926 1490 1242  882 2782]
 [1510 1155 1392 3806  494 1502]
 [3235 1147 1769  575 1542 1770]
 [ 887  970  768  422  534 6370]]


 RotatedZ data with RF classifier:
Accuracy: 0.34517774989544125
Precision: 0.3362430257197387
Recall: 0.34517774989544125
Confusion matrix:
[[4108 1418  767  573 1347 1715]
 [1942 3184 1314  729  867 2029]
 [1477 1637 1430 1434  884 3072]
 [1438 1022 1547 3865  542 1445]
 [3530 1005 1304  672 1597 1930]
 [ 742  833  886  483  558 6449]]



 Original data with SVM classifier:
Accuracy: 0.5094437473860309
Precision: 0.5036798306284065
Recall: 0.5094437473860309
Confusion matrix:
[[4960 1268  544  571 2055  530]
 [1582 4238 1743 1030  675  797]
 [ 859 1794 2934 1810  960 1577]
 [ 743  502 1287 6292  465  570]
 [2032  489  837  498 5733  449]
 [ 750  652 1040  777  437 6295]]

 
Translated data with SVM classifier:
Accuracy: 0.5001322051824432
Precision: 0.4930120065665434
Recall: 0.5001322051824432
Confusion matrix:
[[4781 1169  585  749 2191  649]
 [1536 4178 1636 1211  800  810]
 [ 946 1719 2797 2035 1054 1493]
 [ 710  541 1300 6408  546  468]
 [1910  530  753  531 5906  512]
 [ 665  697 1073  879  550 6194]]



RotatedX data with SVM classifier:
Accuracy: 0.508021748222501
Precision: 0.5022078032892309
Recall: 0.508021748222501
Confusion matrix:
[[5032 1195  572  559 2034  536]
 [1552 4251 1789  999  685  789]
 [ 920 1826 2887 1827  960 1514]
 [ 715  587 1263 6304  470  520]
 [1946  557  864  528 5665  478]
 [ 755  713  979  783  493 6228]]
 
  RotatedY data with SVM classifier:
Accuracy: 0.5082057716436638
Precision: 0.501968119863814
Recall: 0.5082057716436638
Confusion matrix:
[[5061 1206  541  527 2056  537]
 [1577 4253 1749 1064  659  763]
 [ 975 1851 2793 1851  957 1507]
 [ 736  555 1227 6295  493  553]
 [2002  535  871  509 5650  471]
 [ 761  638 1020  762  444 6326]]




 RotatedZ data with SVM classifier:
Accuracy: 0.5067837724801338
Precision: 0.5008223233170126
Recall: 0.5067837724801338
Confusion matrix:
[[5046 1217  555  517 2061  532]
 [1583 4238 1721 1016  721  786]
 [ 968 1827 2811 1788 1015 1525]
 [ 722  526 1310 6225  489  587]
 [2058  465  843  498 5703  471]
 [ 784  653  995  774  475 6270]]
 
 
  Original data with TREE classifier:
Accuracy: 0.2694102885821832
Precision: 0.2661842619687785
Recall: 0.2694102885821832
Confusion matrix:
[[2111 1719 2187  929 1669 1313]
 [1981 1915 1545 1462 1279 1883]
 [1715 1471 2065 1437 1172 2074]
 [1610 1375 1915 3021  946  992]
 [1890 1225 2075 1468 2072 1308]
 [1178 1043 1420  762  628 4920]]



 Translated data with TREE classifier:
Accuracy: 0.264261634056055
Precision: 0.2553052332332224
Recall: 0.264261634056055
Confusion matrix:
[[2983 1696 1421  941 1551 1532]
 [1737 2135 1695 1338 1211 2055]
 [2090 1573 1630 1278 1148 2325]
 [1545 1674 1749 2669  714 1622]
 [1946 1554 1837 1522 1495 1788]
 [1200 1180 1028  821  750 5079]]





  RotatedX data with TREE classifier:
Accuracy: 0.2772731074864074
Precision: 0.2784117894576874
Recall: 0.2772731074864074
Confusion matrix:
[[2652 1859 1984  693 1600 1140]
 [1678 2301 1773 1374  859 2080]
 [1485 1752 2039 1619 1195 1844]
 [1457 1513 1948 3092  826 1023]
 [2212 1533 1862 1059 2061 1311]
 [ 790 1299 1734  845  854 4429]]
 
 
  RotatedY data with TREE classifier:
Accuracy: 0.2767210372229193
Precision: 0.27244440453244667
Recall: 0.2767210372229193
Confusion matrix:
[[2637 1630 1701  979 1786 1195]
 [1892 1841 1829 1475 1034 1994]
 [1534 1333 1750 1589 1271 2457]
 [1598 1402 1613 3281  866 1099]
 [2063 1080 1872 1386 2349 1288]
 [ 964 1113 1458 1000  733 4683]]


 RotatedZ data with TREE classifier:
Accuracy: 0.26569636135508157
Precision: 0.2603829039018348
Recall: 0.26569636135508157
Confusion matrix:
[[2193 1481 1830 1129 1892 1403]
 [1511 2124 1765 1355 1260 2050]
 [1638 1709 2049 1567 1092 1879]
 [1259 1512 1926 2956  891 1315]
 [1743 1258 1912 1581 1800 1744]
 [ 862 1320 1528  897  584 4760]]







